43.855401
52.388511
-27.380446
-9.142176
42.983426
25.731519
-16.084279
-33.375768
35.674965
35.291332
3.065657
9.943646
-23.012937
33.885438
10.649628
-23.73467
56.087476
38.326001
35.416412
51.796305
-20.013495
46.612494
30.684177
33.019039
37.466856
19.403856
-22.739823
40.747586
36.998745
32.944825
-23.054512
39.361038
7.676159
36.588118
40.739434
29.225219
10.49019
36.076856
41.599195
36.133505
34.337041
40.509019
33.906148
-5.060823
40.474718
35.272849
44.992279
30.154665
37.004261
68.676893
68.676893
4.65063
35.969507
30.50077
35.258729
33.019039
41.903992
14.276848
47.320112
37.002328
-34.350097
-32.869238
71.434357
-20.235425
36.336371
37.80531
40.13792
42.794273
36.076856
55.991662
60.86165
7.676159
42.399542
40.877483
43.50102
58.4253
33.886886
8.062518
31.001056
-23.356792
39.361038
39.026684
37.80531
-22.903335
30.518799
26.151707
51.212548
41.091962
43.855401
40.13792
38.685524
49.316738
40.877483
37.399576
-5.060823
10.731924
-32.869238
-33.578141
35.674965
35.701884
26.799121
40.877483
36.115631
51.509887
35.813129
-26.748498
23.02195
35.200235
41.652659
-31.230454
-22.540321
33.019039
51.516387
41.867451
33.756093
-33.143286
14.639036
34.010177
-29.930865
-34.491912
19.287437
40.877483
33.019039
43.737414
-37.511274
42.066811
10.613443
34.337041
-22.739823
39.954192
25.29957
53.41106
-25.345747
39.147359
35.580222
40.877483
40.29827
40.877483
39.777672
24.370586
9.639486
30.448493
-23.172376
24.196301
28.171836
-22.12326
40.877483
-22.503919
40.643518
39.874069
36.240211
40.000451
-1.923622
40.896417
38.840837
40.157354
-13.090439
45.951438
39.044068
42.023067
61.295372
45.015851
40.13792
48.306272
20.847352
31.224949
-22.903335
37.350936
34.098056
-2.908389
49.316738
31.001056
54.043014
44.481126
34.337041
33.773387
33.842816
43.226323
42.009519
30.075628
48.902146
-34.534177
10.098746
-33.476474
30.033094
35.000771
32.876462
45.051257
42.307954
-1.109947
25.518608
42.516072
42.516072
43.192623
31.176662
29.916898
27.215872
26.160753
1.440937
29.831219
38.941086
49.353125
40.91533
-17.166446
23.89467
-15.500103
36.336371
20.997896
-22.355509
-1.160674
35.019515
40.613641
34.337041
31.001056
10.779897
45.445641
26.824966
35.11277
-12.077141
37.004261
-23.356792
31.001056
30.326719
21.38505
41.702989
29.252881
38.03445
-34.701599
4.807135
-37.511274
45.051257
41.457349
40.739434
36.866431
10.207638
42.050588
45.27617
45.27617
32.816653
21.363232
-34.534177
40.220728
33.199847
51.212548
38.246418
42.516072
39.328511
41.838343
-22.540321
35.173287
35.218114
41.214574
44.481126
45.841937
31.001056
28.298945
28.171836
-18.551124
33.182353
51.691824
41.375558
28.171836
53.474867
36.907585
44.424395
32.718919
45.456634
37.469154
37.534693
-22.756149
36.500695
47.734319
35.416412
22.326723
42.516072
34.337041
33.882856
-6.73249
37.61272
48.902146
46.903326
-25.494475
4.807135
33.862662
53.636402
-33.578141
30.154665
51.500244
48.306272
53.484131
28.721956
38.53946
30.518799
-1.923622
41.861713
45.615919
-12.077141
32.567461
36.133505
47.73078
37.815531
37.307009
26.063293
16.058307
36.438496
34.337041
47.814554
37.797229
-22.475838
-23.356792
34.112434
39.158043
37.884709
37.589397
36.866431
33.080404
44.38713
35.200235
