-79.639319
-10.22546
-48.610313
137.995957
-79.122538
-100.274823
-44.211062
-71.709224
-97.768683
-97.51982
111.970958
-84.100472
-51.419365
-118.250227
-67.220209
-46.403227
-3.505666
-77.519387
-81.046876
-1.289608
-40.436282
-84.627477
-87.92086
-96.977527
-121.931305
-99.324375
-43.795449
-73.617232
-120.110397
-83.786106
-70.628327
-82.173479
125.21482
-84.321948
-74.041878
48.056399
123.764738
-115.316075
-81.877771
-84.19397
-118.668404
-81.607239
-118.423186
-42.784622
-86.92488
-90.135782
-93.207783
-95.823268
-114.818269
-95.997562
-95.997562
103.108228
-79.083153
-97.664611
126.830254
-96.977527
-88.089723
121.418159
5.940459
-103.002652
-58.734553
-60.781306
-179.231086
-40.362965
-115.384091
-97.534906
-75.280284
-71.255938
-115.316075
-3.328512
-8.662663
125.21482
-71.191421
-74.026675
-96.639667
-134.667895
-84.576827
98.919185
-87.634643
-46.826039
-82.173479
-94.45916
-97.534906
-47.077055
-97.928935
-80.257278
-114.316038
-85.084568
-79.639319
-75.280284
-121.576613
-123.224215
-74.026675
-120.74296
-42.784622
-71.692291
-60.781306
150.520929
-97.768683
-87.140081
-80.2006
-74.026675
-79.007589
-0.15191
139.596783
-65.225215
88.014244
-85.404424
-81.488902
-56.685901
-42.182626
-96.977527
-2.659936
-72.507548
-118.082615
151.283034
120.941642
-84.4468
-51.306148
-58.618436
-99.647028
-74.026675
-96.977527
-79.810142
144.593742
-91.774579
-67.047488
-118.668404
-43.795449
-75.047395
121.282664
-6.387438
-49.391643
-89.57151
-97.575986
-74.026675
-80.206972
-74.026675
30.423582
120.986593
-83.051445
-87.327898
-46.152934
120.237861
-82.620093
-43.048117
-74.026675
-46.797166
-3.889005
-75.447416
-80.389019
-86.241245
-60.802071
-96.806031
-121.312069
-83.200169
-72.603356
-118.413418
-94.742494
-87.940033
10.443654
-79.76259
-75.280284
-90.418108
-101.539641
121.441669
-47.077055
-121.924896
-118.395904
-79.621769
-123.224215
-87.634643
-122.900929
-76.712759
-118.668404
-117.845301
-111.960775
-77.996912
-124.482003
-90.137908
2.224101
-58.531792
-84.479477
-70.6719
-95.249792
-85.605166
-115.594963
-93.329515
-71.093301
-78.938045
109.664659
-80.519851
-80.519851
-88.070827
117.998322
-90.092431
-82.500985
-80.330201
103.89217
-95.87417
-92.326591
-122.671484
-73.933612
-58.167538
87.413715
-48.285982
-115.384091
-103.664175
-42.922787
36.664573
-82.034962
-95.774704
-118.668404
-87.634643
122.49795
-73.901147
-80.346402
116.377296
-77.015471
-114.818269
-46.826039
-87.634643
-81.683582
-157.950476
-86.238964
-81.133668
12.479239
-56.430439
-74.483289
144.593742
-93.329515
-81.555545
-74.041878
-76.448383
-64.709579
-73.727776
-64.237659
-64.237659
-97.065649
-87.322724
-58.531792
-74.803239
-96.983818
-114.316038
-85.60709
-80.519851
-81.657409
-81.105004
-42.182626
-80.764486
-106.791691
-85.336872
-76.712759
-66.508856
-87.634643
-81.368994
-82.620093
-42.339393
-117.359298
-0.510365
-96.234587
-82.620093
-3.008791
70.062759
-79.746259
-118.403857
-122.840168
-122.035311
-122.32889
-43.410273
-106.645646
-122.436232
-81.046876
114.149429
-80.519851
-118.668404
-117.887249
111.063477
-77.601044
2.224101
-100.839587
-56.059714
-74.483289
-117.261392
-2.513908
150.520929
-95.823268
-0.594251
-90.418108
-2.779296
-81.383289
-121.477338
-97.928935
-60.802071
-71.474186
-75.929366
-77.015471
-117.298421
-84.19397
-122.1649
-87.211826
-121.991728
-80.442683
120.248267
-82.544989
-118.668404
-122.248238
-122.332411
-43.416139
-46.826039
-118.427344
-84.691847
-122.34266
126.855913
-76.448383
-117.282538
-64.334667
-85.404424
